Car brand	Car model	Price	kasa tipi	Fuel	Hp	engine capacity(cc)	Max speed
Citroen	C4	1345000	5	130	1160	200
Citroen	C4X	1377000	4,7	130	1160	194
Citroen	C5 Aircross Suv	1760000	4,1	130	1500	195
Ford	Kuga(120)	1569300	5,6	120	1500	184
Ford	Kuga(182)	1796700	5,6	182	1500	210
Opel	Mokka	1508900	5,5	130	1160	202
Opel	Crossland(110)	1156900	6,1	110	1160	201
Opel	Crossland(130)	1298900	6,5	130	1160	201
Opel 	Grandland(1.2)	1878900	5,8	130	1160	197
Opel 	Grandland(1.5)	1973900	5,3	130	1500	197
Peugeot	2008(1.2)	1480000	5,9	130	1160	202
Peugeot	2008(1.5)	1625500	3,8	130	1500	202
Peugeot	3008(1.2)	1900000	6,8	130	1160	188
Peugeot	3008(1.5)	1957000	5,5	130	1500	192
Suzuki	Vitara	1424000	5,9	130	1390	170
Suzuki	S-Cross	1514000	5,7	130	1390	200
Suzuki	Jinny	1728000	7,5	102	1500	145
Nissan	QASHQAI	1633100	6,4	158	1320	200
